ID,Parent 1,Parent 2,Parent 3
384,664,0,0
770,664,0,0
131,682,0,0
772,664,0,0
134,664,0,0
264,0,0,0
269,284,0,0
399,0,0,0
16,0,0,0
400,664,0,0
17,0,0,0
787,664,0,0
20,707,0,0
276,664, 284,0
22,664,0,0
19,0,0,0
275,0,0,0
665,664,0,0
284,0,0,0
287,284,0,0
416,664,0,0
415,664, 710,0
674,691,0,0
295,284,0,0
426,664,0,0
682,0,0,0
310,0,0,0
311,693,0,0
824,664,0,0
59,664,0,0
189,0,0,0
190,682,0,0
829,664,0,0
704,664,0,0
320,0,0,0
835,691,0,0
326,693,0,0
327,693,0,0
200,664,0,0
199,0,0,0
74,707,0,0
331,693,0,0
77,707,0,0
78,707,0,0
79,707,0,0
338,693,0,0
345,693,0,0
346,284, 693,0
347,693,0,0
476,703, 710,0
732,664, 284,0
94,691, 664, 707
93,707,0,0
352,693,0,0
354,703, 693,0
617,691,0,0
362,691,0,0
369,682,0,0
502,664,0,0
119,664,0,0
120,664,0,0
125,664,0,0
254,0,0,0
255,0,0,0
