521
522
525
527
16
17
18
19
20
532
22
534
23
21
538
540
35
548
36
552
565
316
567
59
317
61
73
74
75
15
77
78
79
80
598
87
88
89
601
91
90
93
94
603
610
611
99
613
98
617
112
113
114
115
116
117
118
119
120
121
122
123
124
125
126
639
640
129
130
131
642
644
134
648
649
657
662
664
665
667
668
669
670
672
674
1187
1188
681
682
170
172
684
688
178
693
183
184
185
697
189
190
191
704
193
706
707
194
199
200
201
202
203
208
209
1236
212
216
732
228
749
240
241
754
242
755
757
759
248
250
763
252
254
255
256
769
770
259
772
1284
1286
774
264
776
266
778
268
269
257
267
270
273
786
787
276
275
789
279
280
281
788
283
284
285
798
287
799
288
290
805
294
295
807
1321
297
299
300
302
303
304
305
306
307
1333
310
311
312
824
822
823
1336
829
313
319
320
321
834
835
323
325
326
327
838
840
330
331
843
332
335
338
342
345
346
347
862
863
352
350
354
358
359
361
362
363
364
367
369
377
378
379
384
385
388
908
909
399
400
401
913
915
916
404
918
405
917
407
922
406
924
415
416
417
425
426
427
428
943
434
435
436
441
444
451
457
459
470
471
476
911
489
912
494
497
502
506
507
1021